$ANSIBLE_VAULT;1.1;AES256
31623230303936616162626334336661316131653632376638366161663137363631366432306666
3266366138643133303739363239626136363933323066340a303235663137393966633836303835
62353230613137366636363266623336333430323965316535616131373164636639643565363265
6332313438383937660a633230343433323761306638613935656663353633363263313063643365
35373663303432353736396338393031643137313130633964393232343037363735643636383466
66326439653434386636346564613939323638393862383866663461613831363439616538303834
61356361373537343139383236313631353165313862393138653337383363316666376361313435
62333966393138623665343139653431613638366133343337643138616234393934623936623665
61313535393739646634333062663333656262623833383138356566366533333037353536646361
39613836353438373937326466326537626337306235333463383761373532333431653135376536
65623764383163646533376334613836313637363835633033316162373230343137643765613430
39653932373835616266656465373939346364356166656164383030313265666362386231326563
63336637386636356337663538306536353532653563363164653864643234353132376638333264
34323431663838646265663464646537323662343836333866356636333431643166316231613962
62303062386466396265646239353131313039363962663339396536373334383336383936383836
66633663313866616565303239373166643564636638303436393865633665643030333563633035
35663565393737666663613633653764346330326339356236306565306236626466646337376130
36336564303831303436663265366437643037636535633263393235313335613434303233326136
62353962616165653638316365623239323431656165383935666334303165313434643937316639
63636164306139383138613032623135323266373033396334373735383261366361623839653834
38633630323934383837383265323164653235646338303639336638343532376430373565643965
37383963616137303562633365633965313530653661643739613065316161653236303036393835
32386131396234343565663333396264646664303237313365316433313131626433643766313935
61396262623035343064643932373839626638396631663537376262626263323262633835353736
62366461666237656238333137393037653062646230613233346462386437353938646562396633
62646438383962326464386461346135303932653635653936386165613531613461353566336162
61393065643765366164663835366362623231663034326330366134393661613930633437326264
39313461376362376361363139666234343735303833316533653763623462626239616563383135
66393465383464353665623865623934353938303234333938303435346434363962346666356238
37653761383034343634316538376630636461313366666533386238333462303639636265363836
38633561333963393538396666613539633739323232336366306466373765306639643635383034
36363535663963663961656430613438666262616339623133343963663638623662653237316538
30643463636532393864326130316664653663663235616465366430356438333263323464323239
30623866653631363633376230343834653537326338343232363766643839626565386663633261
66366333633436663066643435396363353835613466626561376663383033353339663235353039
35636439633435333232366138666638303638346166393664653334656465346430633033383762
35363638626161643932396330343533343266356339643861373735343238383836383931663532
38386333616436656439656665363737623366336263366462663163613065663338363332343366
31343034373166663939393233653839663634373937633530613335333137666265306530336435
39323363383138633366316138346636373739336533363039326636336462383531356464383465
64613063343232336566383830623536363831626162663566303639383461633632
